155.494	559.646
203.522	554.721
251.461	549.643
299.444	544.438
347.578	539.33
395.656	534.105
444.142	529.048
492.563	523.789
541.225	518.609
589.697	513.592
638.409	508.222
687.161	503.262
735.852	497.92
784.697	492.569
833.69	487.398
882.785	482.122
931.938	476.865
981.227	471.462
1030.41	466.271
1079.89	460.89
1129.34	455.671
1178.97	450.312
1228.75	445.041
1278.39	439.693
1328.32	434.38
1378.26	428.839
156.756	609.745
204.867	604.676
252.936	599.597
300.859	594.46
349.037	589.433
397.464	584.32
445.655	579.327
494.171	574.142
542.72	568.993
591.256	563.858
639.947	558.715
688.607	553.693
737.371	548.396
786.396	543.149
835.448	538.016
884.541	532.816
933.71	527.527
982.893	522.274
1032.28	516.965
1081.85	511.625
1131.35	506.482
1180.93	501.193
1230.65	495.922
1280.51	490.517
1330.53	485.247
1380.39	479.767
158.109	659.851
206.318	654.891
254.202	649.84
302.299	644.746
350.543	639.719
398.831	634.612
447.293	629.614
495.796	624.442
544.289	619.392
592.928	614.165
641.466	609.283
690.388	604.137
739.001	599.019
787.975	593.687
837.235	588.703
886.375	583.369
935.56	578.372
984.969	573.221
1034.2	567.886
1083.77	562.489
1133.29	557.411
1182.76	552.046
1232.75	546.846
1282.54	541.73
1332.47	536.266
1382.48	531.074
159.504	710.039
207.587	704.911
255.573	699.958
303.709	694.932
352.048	690.054
400.318	684.971
448.793	679.884
497.276	674.899
545.796	669.808
594.523	664.707
643.339	659.723
691.95	654.502
740.788	649.383
789.612	644.473
838.846	639.173
888.125	634.131
937.434	628.961
986.484	623.781
1035.95	618.71
1085.63	613.523
1134.92	608.279
1184.8	603.094
1234.46	597.916
1284.44	592.734
1334.48	587.487
1384.54	582.29
160.904	760.136
208.903	755.183
256.797	750.027
305.059	745.346
353.542	740.327
401.762	735.293
450.338	730.283
498.921	725.283
547.4	720.321
595.977	715.303
644.736	710.168
693.569	705.186
742.529	700.049
791.512	695.04
840.516	689.962
889.76	684.996
939.306	679.534
988.511	674.399
1037.79	669.523
1087.38	664.327
1136.98	659.382
1187.03	654.118
1236.44	648.816
1286.41	643.889
1336.52	638.459
1386.77	633.431
162.1	810.36
210.22	805.518
258.231	800.491
306.53	795.531
354.635	790.739
403.368	785.871
451.711	780.755
500.368	775.812
548.728	770.821
597.555	765.819
646.449	760.872
695.419	755.98
744.167	750.742
793.179	745.727
842.303	740.767
891.611	735.774
940.81	730.661
990.227	725.557
1039.72	720.457
1089.16	715.343
1138.9	710.359
1188.82	705.229
1238.42	700.078
1288.59	694.958
1338.53	689.949
1388.66	684.687
163.295	860.663
211.492	855.777
259.683	850.957
308.01	846.013
356.128	841.087
404.629	836.282
453.194	831.373
501.724	826.288
550.457	821.369
599.043	816.545
648.156	811.539
697.023	806.677
745.41	801.614
794.866	796.527
844.071	791.682
893.344	786.788
942.607	781.565
991.99	776.463
1041.46	771.685
1091.26	766.562
1140.78	761.55
1190.51	756.336
1240.55	751.283
1290.32	745.991
1340.33	741.22
1390.64	736.007
164.728	910.87
212.813	906.094
260.934	901.236
309.23	896.543
357.745	891.649
406.1	886.828
454.693	881.787
503.133	877.002
551.914	872.108
600.672	867.173
649.872	862.172
698.345	857.147
747.479	852.379
796.434	847.597
845.815	842.491
895.083	837.459
944.482	832.619
993.88	827.594
1043.21	822.773
1092.99	817.689
1142.86	812.551
1192.39	807.614
1242.49	802.637
1292.5	797.634
1342.39	792.572
1392.82	787.37
165.727	961.428
213.855	956.676
262.276	951.81
310.698	946.879
359.042	942.124
407.45	937.213
456.039	932.555
504.639	927.579
553.466	922.814
602.197	917.766
651.103	912.948
699.974	908.12
748.876	903.32
798.148	898.319
847.433	893.56
896.796	888.63
946.182	883.669
995.578	878.799
1045.22	873.683
1094.81	868.815
1144.62	863.95
1194.36	858.878
1244.31	853.951
1294.36	848.963
1344.49	843.804
1394.81	838.98
167.026	1011.87
215.205	1007.11
263.467	1002.39
311.825	997.633
360.394	992.747
408.86	987.821
457.42	983.155
506.097	978.376
554.788	973.726
603.813	968.22
652.451	963.989
701.53	959.047
750.591	954.274
799.824	949.339
849.075	944.607
898.375	939.749
947.662	934.808
997.334	929.758
1046.89	925.127
1096.61	920.166
1146.31	914.949
1196.32	910.201
1246.26	905.257
1296.42	900.307
1346.63	895.41
1396.76	890.476
168.198	1062.48
216.473	1057.54
264.865	1052.93
313.19	1048.11
361.753	1043.52
410.146	1038.57
458.661	1033.79
507.431	1029.17
556.19	1024.35
605.31	1019.58
654.248	1014.88
703.031	1010.1
752.351	1005.39
801.533	1000.44
850.758	995.529
900.124	990.788
949.534	985.83
999.208	981.2
1048.64	976.28
1098.57	971.353
1148.3	966.557
1198.15	961.586
1248.25	956.74
1298.22	951.922
1348.36	946.935
1398.75	941.931
169.44	1112.97
217.694	1108.3
266.007	1103.7
314.765	1098.94
363.062	1094.2
411.517	1089.49
460.11	1084.8
509.123	1080.1
557.772	1075.22
606.684	1070.5
655.844	1065.76
704.656	1060.91
753.792	1056.31
803.004	1051.57
852.412	1046.79
901.906	1042.05
951.147	1037.17
1000.88	1032.33
1050.54	1027.45
1100.12	1022.62
1150.21	1017.8
1200.16	1013.07
1250.11	1008.26
1300.35	1003.62
1350.4	998.707
1400.83	993.752
170.685	1163.44
219.044	1158.93
267.481	1154.31
315.812	1149.57
364.34	1144.82
412.921	1140.22
461.504	1135.65
510.44	1130.99
559.291	1126.18
608.306	1121.56
657.142	1116.89
706.347	1112.11
755.51	1107.4
804.681	1102.69
854.22	1097.97
903.623	1093.14
952.948	1088.49
1002.53	1083.7
1052.17	1078.8
1102.07	1074.31
1152.1	1069.32
1201.84	1064.74
1252.11	1059.9
1302.16	1055
1352.46	1050.38
1402.85	1045.42
171.709	1214.31
220.274	1209.48
268.85	1204.83
317.158	1200.38
365.696	1195.77
414.396	1191.24
462.925	1186.52
511.909	1182.06
560.608	1177.26
609.709	1172.63
658.9	1167.93
708.074	1163.42
756.987	1158.7
806.357	1153.95
855.714	1149.24
905.198	1144.5
954.584	1139.8
1004.5	1135.16
1054.13	1130.41
1104.06	1125.92
1153.9	1121.25
1203.81	1116.26
1253.92	1111.58
1304.03	1106.54
1354.55	1101.89
1404.78	1097.53
173.091	1265.07
221.253	1260.67
269.958	1255.89
318.493	1251.27
367.157	1246.82
415.581	1242.09
464.339	1237.71
513.26	1232.93
562.278	1228.31
611.06	1223.56
660.266	1219.11
709.415	1214.36
758.604	1209.76
808.044	1205.1
857.443	1200.53
906.83	1195.87
956.512	1191.27
1006.25	1186.59
1055.89	1181.84
1105.84	1177.23
1155.68	1172.49
1205.72	1167.81
1256.06	1163.19
1306.25	1158.72
1356.61	1153.75
1407.05	1149.24
174.468	1315.84
222.894	1311.2
271.192	1306.77
319.66	1302.25
368.573	1297.5
417.231	1293.09
465.915	1288.46
514.731	1284.02
563.603	1279.58
612.586	1274.95
661.555	1270.27
710.917	1265.82
760.298	1261.17
809.437	1256.56
859.035	1251.89
908.595	1247.19
958.167	1242.63
1008.08	1238.14
1057.61	1233.54
1107.65	1228.94
1157.66	1224.3
1207.72	1219.59
1257.91	1214.86
1308.05	1210.26
1358.6	1205.35
1409.23	1200.7
175.61	1366.79
224.014	1362.3
272.536	1357.69
321.017	1353.09
369.866	1348.59
418.464	1344.29
467.41	1339.71
516.298	1335.13
565.24	1330.57
614.14	1326.02
663.409	1321.6
712.618	1316.96
761.773	1312.43
811.208	1307.92
860.73	1303.62
910.323	1298.9
960.037	1294.24
1009.86	1289.62
1059.56	1285
1109.43	1280.5
1159.65	1275.85
1209.59	1271.24
1259.81	1266.37
1310.08	1262.27
1360.66	1257.43
1411.06	1252.68
176.827	1417.64
225.192	1413.22
273.814	1408.68
322.488	1404.35
371.121	1399.79
419.86	1395.37
468.634	1390.99
517.517	1386.48
566.746	1381.92
615.606	1377.36
664.818	1372.77
714.202	1368.54
763.616	1364.01
812.972	1359.4
862.516	1354.9
911.944	1350.28
961.73	1345.8
1011.52	1341.33
1061.27	1336.84
1111.34	1332.41
1161.53	1327.81
1211.56	1323.15
1261.82	1318.55
1311.95	1314.14
1362.43	1309.56
1413.3	1304.75
178.236	1468.76
226.632	1464.19
275.165	1459.83
323.879	1455.49
372.564	1451.09
421.173	1446.69
470.172	1442.18
519.179	1437.62
568.134	1433.26
617.148	1428.75
666.361	1424.28
715.859	1419.84
765.142	1415.54
814.706	1410.92
864.059	1406.41
913.78	1402.07
963.455	1397.62
1013.34	1393.07
1063.01	1388.72
1113.2	1384.08
1163.19	1379.49
1213.59	1374.93
1263.89	1370.52
1314.11	1366.05
1364.45	1361.41
1415.08	1356.92
179.371	1519.76
227.857	1515.33
276.496	1511.01
325.242	1506.51
373.937	1502.03
422.521	1497.94
471.641	1493.31
520.604	1489.05
569.612	1484.67
618.819	1480.27
667.982	1475.81
717.309	1471.54
766.755	1467.01
816.447	1462.48
865.855	1458.15
915.587	1453.68
965.318	1449.19
1015.12	1444.89
1065.02	1440.64
1115.01	1436.05
1165.21	1431.57
1215.39	1427.06
1265.78	1422.43
1315.8	1418.11
1366.55	1413.48
1417.23	1409.07
180.775	1570.94
228.911	1566.51
277.708	1562.35
326.4	1557.62
375.186	1553.61
424.038	1549.31
473.092	1544.91
522.097	1540.59
571.165	1536.11
620.346	1531.83
669.648	1527.38
718.997	1522.9
768.492	1518.56
817.889	1514.23
867.625	1510.01
917.383	1505.46
967.203	1500.92
1016.97	1496.77
1067	1492.39
1117.08	1487.82
1167.31	1483.49
1217.32	1479.22
1267.82	1474.6
1318.29	1470.44
1368.72	1465.72
1419.09	1461.35
181.826	1622.12
230.442	1617.95
278.901	1613.56
327.897	1609.11
376.696	1604.86
425.592	1600.56
474.521	1596.38
523.526	1592.18
572.71	1587.6
621.795	1583.48
671.248	1578.85
720.569	1574.76
770.077	1570.58
819.639	1566
869.166	1561.77
919.039	1557.41
968.82	1553.25
1018.85	1548.53
1068.87	1544.52
1118.93	1539.98
1169.06	1535.69
1219.36	1531.17
1269.85	1526.92
1320.34	1522.26
1370.71	1517.97
1421.51	1513.68
183.215	1673.28
231.753	1669.13
280.487	1664.92
328.855	1660.98
378.008	1656.37
427.072	1652.14
475.961	1647.88
524.669	1643.38
574.113	1639.29
623.404	1635.18
672.706	1630.7
722.373	1626.59
771.758	1622.19
821.338	1617.87
871.183	1613.67
920.84	1609.36
970.65	1605.14
1020.75	1600.55
1070.77	1596.37
1120.92	1592.08
1171.3	1587.72
1221.37	1583.42
1271.86	1579.17
1322.08	1574.41
1372.92	1570.42
1423.77	1566.12
184.377	1724.79
233.009	1720.53
281.698	1716.28
330.469	1712.02
379.43	1707.95
428.457	1703.65
477.53	1699.33
526.464	1695.15
575.819	1691.03
624.99	1686.96
674.476	1682.34
723.683	1678.17
773.411	1674
823.12	1669.97
872.826	1665.75
922.596	1661.36
972.549	1656.88
1022.54	1652.62
1072.73	1648.24
1122.74	1644.32
1172.77	1639.93
1223.54	1635.62
1273.8	1631.4
1324.36	1627.17
1375.24	1622.8
1425.7	1618.77
185.446	1776.25
234.089	1772.06
283.086	1767.75
331.91	1763.69
380.741	1759.68
429.554	1755.43
478.779	1751.26
527.937	1746.85
577.228	1742.74
626.495	1738.66
675.76	1734.43
725.635	1730.23
775.047	1725.89
824.663	1721.78
874.573	1717.63
924.241	1713.38
974.207	1709.18
1024.4	1705.16
1074.37	1700.69
1124.67	1696.42
1174.97	1692.35
1225.38	1688.03
1275.79	1683.64
1326.33	1679.6
1377.16	1675.28
1427.7	1670.85
186.817	1827.66
235.516	1823.56
284.375	1819.36
333.162	1815.25
382.16	1811.21
431.203	1806.98
480.263	1802.81
529.395	1798.83
578.796	1794.55
628.268	1790.43
677.611	1786.41
727.205	1782.17
776.792	1778.08
826.517	1773.84
876.466	1769.77
926.216	1765.59
976.338	1761.15
1026.16	1757.2
1076.42	1753.09
1126.72	1749.04
1177.15	1744.63
1227.29	1740.27
1278.06	1736.15
1328.69	1732.16
1379.24	1727.67
1429.96	1723.49
